12.163514999999999
22.410705690972218
10.647586490601853
368.6904
2.9490370131250003
5.4651388493923605
31.943099887152773
7.303462014467594
8.02355463
21.630615527835648
6.977564762037037
6.2941256245949075
8.918495872569446
5.765881856597222
8.08286155412037
163.06484696296297
10.939625897864584
2361.5233896651453
3.2324333839999997
8.55760281796875
313.0617
186.62742627407405
74.91366553935184
17.829128315625002
35.63901996874999
18.38168627
22.50541425347222
28.578171971249997
8.908160874131946
7.103409125625
12.316671555555557
18.393563924953703
12.369233938657409
3.895113029120371
8.933076859895833
6.368414860555555
21.53337835185185
10.159306046197917
6.7841134619791665
5.643036855555556
33.114382999135806
4.02652
22.428373806712965
8.17383
10.672249481510418
10.876611292534722
42.39210108569444
6.284771999999999
26.754038954305557
35.88238411805556
97.48751222100819
44.266076896701385
35.08459851666667
18.237141
183.58366684375
10.0218984
6.435133581938658
12.4002039725
27.82204
42.37978171666667
127.8335072296875
62.61234
43.47338221527777
22.348771971428576
7.523360459490741
3.6724347500000003
22.329249983333334
8.493001061197917
39.839938113888884
26.906960535740744
29.17109838888889
17.87302787625
9.194318368055555
9.557380452592595
43.89168571041667
35.92513162800926
3.577984992476852
2.9109902615104173
21.357529767777773
18.707772579166672
26.069862
10.38944762875
23.639497071296297
29.172345550000003
17.893251309629626
30.935415640740747
13.393274378819443
155.8084611916667
11.868320194629629
29.657790825
44.27967577430556
70.9047
5.767543888888889
62.0883
10.218231723611114
8.361853965
39.575472859259264
21.86067112847222
9.0433
17.88927897777778
16.867032171296295
110.88611618518517
20.27039121527778
14.364947179907409
10.158277969907408
11.1744858140625
3.1348793488888886
74.74825369270835
26.66449196388889
67.08992
20.1991512681713
10.333644840277778
55.30734315555556
8.4451999375
70.7264
2394.378494164036
5.6556762281249995
8.180670000000001
3.442425
56.61829003530092
30.07062050416667
40.40802
21.82250029713542
12.934307883333334
12.4926526
8.850079193952547
32.59555146659722
10.753886138611112
11.656114069722221
35.43060000555556
108.48175372395833
11.482288062777778
6.036834462916667
49.379265592592596
40.1120790613426
10.148836267361112
13.342967173611111
2.925126970833334
10.690278996898147
13.178375594999999
46.05836871666666
3.619499306990741
31.28424843420139
5.689026
8.1277
31.420717208101856
3.5895472046875008
13.03349727199074
33.669738429282404
8.499400371666667
172.10856829444444
47.6376
4.861955000000001
42.039714
9.668479962847224
11.097970380324073
9.531370978703704
7.455925166666668
39.14258885125
35.17690078472222
17.95671228618827
308.13284168749993
8.856550618055554
44.88806726666667
17.845966259722225
17.780636291666667
5.855108527430556
17.554536984953703
9.136579543958332
5.45587791875
10.496068956886575
23.246415168124997
89.33819681927083
7.873312230362654
17.223601733333332
12.067451867777777
10.275356654166668
6.745537674479167
4.128816
42.839681080393525
81.036364234375
18.918547520833332
3.901155
340.8645
1742.6652146069025
8.180748
300.3102526458333
9.816251727592594
36.49282368958333
15.9796518475
28.619259593749998
24.24113493333333
9.778958013483795
30.543129129166665
13.320216471875
24.53915709722222
73.18120416666667
320.79900000000004
66.82386315555556
12.837081847916668
49.567798965277774
53.16533979722222
20.826179999999997
16.603948
817.3832949583333
608.0785351666666
14.992979107175927
38.96265289791667
35.753788
113.26100786111111
15.318795596666668
1323.1426187962963
22.521902784722222
13.48689754166667
102.84651687685185
22.52213751284722
8.488160292303242
13.856697350347224
18.358476816666666
19.02742785
14.797098456111112
14.853251944444445
4.02085
40.552335059375
12.937160958333333
28.368776947430554
8.635233999999999
11.244837972500001
16.955350064236114
15.316250100555555
16.63204322314815
197.50471891493058
15.787428872222225
13.665977429398147
12.914845437847221
12.555383888888889
23.30438702638889
165.0912560185185
84.245
20.220732570833334
8.541198120486111
8.180748
13.519505411111112
96.266698625
12.57721456171875
49.03081518449653
16.890973328124996
8.838412802083335
7.941668452291667
35.96243522222222
12.070052689861111
67.00413435555555
8.635233999999999
45.577625037500006
18.460459415833334
15.265709555555556
37.83386677083333
35.92435710416667
6.5214240000000006
13.677996616666666
5.373521084519676
158.55764141666668
12.5655219375
21.98355
12.155539742708335
21.3767
49.57022448923611
15.266422207175925
13.659303247222224
76.84101280555555
13.699596354166667
33.04517485821759
13.348612481249999
30.144448737268522
29.935890076388887
120.76924363078706
9.176844444444445
467.743
22.533900000000003
334.7998799670139
10.472245
23.44212775144676
13.919097632291667
9.710798461574075
11.932138174768522
8.180748
14.83758634982639
15.858385
7.465126177777777
80.62263839583333
189.9640439172454
40.95061236770834
18.12451208888889
51.84948
13.238491230555557
22.4512757
12.674799200532407
1687.921321734681
67.51891921458333
44.99668607175926
135.2034
63.821828484375
23.707477383333334
13.809139274305556
80.94312500694444
87.56023676851852
48.02154943981482
12.791550722222222
15.226645000000003
61.95457694444445
18.28101285
8.44452
48.317913655787045
216.7815
43.26525
12.8869831125
14.524071837500001
6.625575412037037
5.852291057870371
27.733787685185185
13.03509768287037
13.167771324166669
17.365487174074072
79.9887726125
21.734885462500003
64.92825992592593
112.54379004861111
58.10040579444444
135.62894402777775
23.68153270833333
14.693790586805557
13.344888893750001
8.63460013931713
20.862583758333333
46.049327515625
39.467393009259254
35.55802995993056
94.26639770555555
54.56971641180555
15.773718142196156
13.055480041666668
23.095796180555556
40.89797620740741
84.57932447222223
120.68390910937501
24.2085
12.826026131481482
22.19823878125
13.880113329097224
48.061621646296295
18.265049426944447
21.945270737847224
22.33625891875
17.21284
46.796489446875
20.454987597708335
12.988365340046297
219.84457202291668
8.635233999999999
15.497324592361112
14.402135322916667
134.44861867361112
41.616313003472214
11.170531175462964
5.7601727803240745
111.11636554398149
16.921084172222223
58.49581360416666
12.746109097222222
11.241918124999998
42.44897076644097
32.87735080555556
89.16728669583333
15.646194385416667
27.00792238611111
466.43351241909727
29.02358083333333
13.107388543055556
87.62836403819445
52.79193775
108.30391776186343
13.04174572974537
1525.2063867607453
126.20464200925925
16.30165909777778
451.3069878222222
14.930404280636576
11.78815116712963
21.626213337499998
44.87349727430556
26.764991266666666
80.98821888784722
54.04496290451389
9.912139544999999
15.244260909027776
19.255537655555557
14.978352597222223
43.560478010648154
17.327093340277777
51.0132
13.344520199652777
86.17685051504628
39.06204323888888
19.731559158333333
3.409509429166667
12.462106640000002
26.665883727847223
12.58089258300926
13.523969551620372
14.41979394351852
38.18974431944444
27.422664510416663
43.76922141833334
63.236000000000004
711.8489999999999
68.68054752006174
11.94050093888889
41.69893697916667
217.23593215856482
26.256890000000002
1485.9325391177554
12.606108588888887
7.5452900000000005
34.57951611111111
12.760738061666668
21.08952
53.20754543333334
12.969887167222222
15.197595000000002
22.40996355
29.801520000000004
75.60868945
41.74142192638889
70.052006345625
16.183312106944445
26.592014419444443
